inherit_from: "configs/mono/monomis/P2_1/baseconfig.yaml"

Dataset:
  dataset_path: "datasets/StereoMIS/P2_1"
  Calibration:
    raw:
      fx: 1033.894287109375
      fy: 1033.7147216796875
      cx: 604.578857421875
      cy: 514.9761962890625
      k1: -0.00020782629144378006
      k2: 0.00018025403551291674
      p1: 0.0
      p2: 0.0
      k3: 9.6945594123099e-05
    opt:
      fx: 1033.894287109375
      fy: 1033.7147216796875
      cx: 604.578857421875
      cy: 514.9761962890625
      k1: 0.0
      k2: 0.0
      p1: 0.0
      p2: 0.0
      k3: 0.0
    R:
      rows: 3
      cols: 3
      data: [1.0, 0.0, 0.0,
             0.0, 1.0, 0.0,
             0.0, 0.0, 1.0]
    distorted: True
    width: 1280
    height: 1024
  start_idx: 0
