inherit_from: "configs/stereo/stereomis/P2_1/baseconfig.yaml"

Dataset:
  dataset_path: "datasets/StereoMIS/P2_1"
  Calibration:
    cam0:
      raw:
        fx: 1033.894287109375
        fy: 1033.7147216796875
        cx: 604.578857421875
        cy: 514.9761962890625
        k1: -0.00020782629144378006
        k2: 0.00018025403551291674
        p1: 0.0
        p2: 0.0
        k3: 9.6945594123099e-05
      opt:
        fx: 1033.894287109375
        fy: 1033.7147216796875
        cx: 604.578857421875
        cy: 514.9761962890625
        k1: 0.0
        k2: 0.0
        p1: 0.0
        p2: 0.0
        k3: 0.0
      R:
        rows: 3
        cols: 3
        data: [1.0, 0.0, 0.0,
               0.0, 1.0, 0.0,
               0.0, 0.0, 1.0]
    cam1:
      raw:
        fx: 1034.3970947265625
        fy: 1034.196533203125
        cx: 695.969970703125
        cy: 514.6074829101562
        k1: 0.0011366507969796658
        k2: -0.005894931964576244
        p1: 0.0
        p2: 0.0
        k3: 0.005956979002803564
      opt:
        fx: 1034.3970947265625
        fy: 1034.196533203125
        cx: 695.969970703125
        cy: 514.6074829101562
        k1: 0.0
        k2: 0.0
        p1: 0.0
        p2: 0.0
        k3: 0.0
      R:
        rows: 3
        cols: 3
        data: [0.999999991, 3.64895316e-05, -1.29972150e-04,
               -3.64927614e-05, 0.999999999, -2.48481197e-05,
               1.29971243e-04, 2.48528625e-05, 0.999999991]
    T:
      rows: 3
      cols: 1
      data: [-4.159885406494141, 0.018231099471449852, 0.02658929117023945]
    distorted: True
    width: 1280
    height: 1024
  start_idx: 0
